0 2 2
6 4 3
9 2 2
17 2 2
25 40 29
28 2 1
31 2 0
38 4 1
46 2 0
50 28 18
56 2 2
56 4 2
75 2 1
81 10 7
119 2 1
176 2 1
181 4 1
188 6 3
193 2 0
205 2 0
220 24 16
224 2 2
231 4 4
244 4 3
251 2 2
252 2 0
256 8 2
281 2 1
289 2 1
300 16 4
312 20 7
319 12 1
325 2 0
331 4 0
337 2 2
378 2 0
381 16 4
444 4 0
450 20 0
484 2 0
488 2 0
506 4 0
507 2 0
519 2 2
543 2 0
552 2 0
562 2 0
575 2 0
577 2 0
581 10 6
591 2 0
592 2 0
593 2 0
603 2 0
681 6 1
682 2 0
775 2 0
776 2 0
781 4 0
785 2 0
797 2 0
913 2 0
1309 2 0
1706 10 0
1956 10 0
